01,79129196404,20230430122201,20230430131707
01,79129196404,20230430122201,20230430130410
02,79129196404,20230430122201,20230430122429
02,79129196404,20230430122201,20230430130220
01,79129196404,20230430122201,20230430124435
02,79129196404,20230430122201,20230430131809
01,79129196404,20230430122201,20230430131922
02,79129196404,20230430122201,20230430123407
01,79129196404,20230430122201,20230430122459
02,79129196404,20230430122201,20230430123401
01,79129196404,20230430122201,20230430131405
01,79129196404,20230430122201,20230430123551
02,79129196404,20230430122201,20230430122540
02,79129196404,20230430122201,20230430131136
01,79129196404,20230430122201,20230430124844
02,79129196404,20230430122201,20230430131955
01,79129196404,20230430122201,20230430132007
01,79129196404,20230430122201,20230430124702
01,79129196404,20230430122201,20230430125200
02,79129196404,20230430122201,20230430124051
02,79129196404,20230430122201,20230430130239
01,79129196433,20230430122201,20230430130643
01,79129196433,20230430122201,20230430122201
02,79129196433,20230430122201,20230430131947
02,79129196433,20230430122201,20230430124100
02,79129196433,20230430122201,20230430123149
01,79129196433,20230430122201,20230430123952
01,79129196433,20230430122201,20230430131140
01,79129196433,20230430122201,20230430131215
01,79129196433,20230430122201,20230430130506
01,79129196433,20230430122201,20230430130925
02,79129196433,20230430122201,20230430124738
01,79129196433,20230430122201,20230430123022
02,79129196433,20230430122201,20230430122237
02,79129196433,20230430122201,20230430123411
02,79129196433,20230430122201,20230430130725
02,79129196433,20230430122201,20230430131918
02,79129196433,20230430122201,20230430124651
01,79129196433,20230430122201,20230430124416
02,79129196433,20230430122201,20230430125928
02,79129196433,20230430122201,20230430125458
02,79129196433,20230430122201,20230430130106
02,79129196433,20230430122201,20230430130824
02,79129196433,20230430122201,20230430131447
02,79129196433,20230430122201,20230430124153
02,79129196433,20230430122201,20230430131213
02,79129196433,20230430122201,20230430125516
01,79129196433,20230430122201,20230430123621
01,79129196433,20230430122201,20230430131710
01,79129196433,20230430122201,20230430131834
01,79129196433,20230430122201,20230430124328
02,79129196433,20230430122201,20230430130423
01,79129196433,20230430122201,20230430122809
02,79129196433,20230430122201,20230430123025
01,79129196433,20230430122201,20230430124042
01,79129196433,20230430122201,20230430123841
01,79129196466,20230430122201,20230430123653
01,79129196466,20230430122201,20230430131722
01,79129196466,20230430122201,20230430131639
02,79129196412,20230430122201,20230430124854
01,79129196412,20230430122201,20230430131915
01,79129196412,20230430122201,20230430125334
01,79129196412,20230430122201,20230430131622
02,79129196412,20230430122201,20230430123448
02,79129196458,20230430122201,20230430124205
02,79129196458,20230430122201,20230430123858
01,79129196458,20230430122201,20230430123635
02,79129196458,20230430122201,20230430124051
01,79129196458,20230430122201,20230430130552
01,79129196458,20230430122201,20230430131603
01,79129196458,20230430122201,20230430122700
02,79129196458,20230430122201,20230430125940
02,79129196458,20230430122201,20230430125033
02,79129196458,20230430122201,20230430124043
02,79129196458,20230430122201,20230430131618
01,79129196458,20230430122201,20230430125404
01,79129196458,20230430122201,20230430132109
01,79129196458,20230430122201,20230430125502
02,79129196458,20230430122201,20230430122848
01,79129196458,20230430122201,20230430131944
01,79129196458,20230430122201,20230430122659
02,79129196458,20230430122201,20230430130850
01,79129196458,20230430122201,20230430130320
01,79129196458,20230430122201,20230430125020
01,79129196458,20230430122201,20230430124128
01,79129196458,20230430122201,20230430122255
02,79129196458,20230430122201,20230430124829
01,79129196471,20230430122201,20230430124347
02,79129196471,20230430122201,20230430131008
01,79129196471,20230430122201,20230430124541
01,79129196471,20230430122201,20230430124255
01,79129196471,20230430122201,20230430131655
02,79129196471,20230430122201,20230430130134
02,79129196471,20230430122201,20230430123158
01,79129196471,20230430122201,20230430131341
02,79129196460,20230430122201,20230430124622
01,79129196460,20230430122201,20230430122711
02,79129196460,20230430122201,20230430124310
02,79129196460,20230430122201,20230430125607
02,79129196460,20230430122201,20230430132043
02,79129196460,20230430122201,20230430131434
01,79129196460,20230430122201,20230430124428
01,79129196460,20230430122201,20230430124512
02,79129196460,20230430122201,20230430125140
01,79129196460,20230430122201,20230430124819
01,79129196460,20230430122201,20230430124137
02,79129196460,20230430122201,20230430124226
02,79129196460,20230430122201,20230430122212
01,79129196460,20230430122201,20230430130514
01,79129196460,20230430122201,20230430124532
02,79129196460,20230430122201,20230430131048
02,79129196460,20230430122201,20230430123643
01,79129196460,20230430122201,20230430124941
02,79129196460,20230430122201,20230430122838
02,79129196460,20230430122201,20230430130335
01,79129196460,20230430122201,20230430124755
01,79129196460,20230430122201,20230430123737
01,79129196460,20230430122201,20230430124108
02,79129196460,20230430122201,20230430124616
02,79129196460,20230430122201,20230430125636
02,79129196460,20230430122201,20230430123739
01,79129196460,20230430122201,20230430131508
02,79129196460,20230430122201,20230430124049
01,79129196460,20230430122201,20230430130604
02,79129196460,20230430122201,20230430131348
01,79129196460,20230430122201,20230430131322
01,79129196460,20230430122201,20230430122252
02,79129196460,20230430122201,20230430124423
01,79129196460,20230430122201,20230430124531
01,79129196460,20230430122201,20230430131750
01,79129196460,20230430122201,20230430124328
02,79129196460,20230430122201,20230430130206
02,79129196460,20230430122201,20230430131820
01,79129196460,20230430122201,20230430124427
02,79129196488,20230430122201,20230430131302
02,79129196488,20230430122201,20230430125214
02,79129196488,20230430122201,20230430123353
01,79129196488,20230430122201,20230430125810
02,79129196488,20230430122201,20230430131843
01,79129196488,20230430122201,20230430123601
01,79129196488,20230430122201,20230430125318
01,79129196488,20230430122201,20230430123235
01,79129196488,20230430122201,20230430122416
02,79129196488,20230430122201,20230430122859
01,79129196488,20230430122201,20230430130143
01,79129196488,20230430122201,20230430124136
02,79129196488,20230430122201,20230430123012
02,79129196488,20230430122201,20230430125006
01,79129196488,20230430122201,20230430123319
01,79129196488,20230430122201,20230430122728
02,79129196488,20230430122201,20230430123758
01,79129196488,20230430122201,20230430131349
01,79129196488,20230430122201,20230430124229
02,79129196488,20230430122201,20230430130102
01,79129196488,20230430122201,20230430130838
01,79129196488,20230430122201,20230430131552
02,79129196488,20230430122201,20230430131243
02,79129196488,20230430122201,20230430123913
01,79129196488,20230430122201,20230430124750
01,79129196488,20230430122201,20230430123134
01,79129196488,20230430122201,20230430130833
01,79129196488,20230430122201,20230430131642
01,79129196488,20230430122201,20230430131634
02,79129196488,20230430122201,20230430125213
02,79129196488,20230430122201,20230430122952
02,79129196488,20230430122201,20230430125450
02,79129196488,20230430122201,20230430124010
02,79129196488,20230430122201,20230430123112
02,79129196488,20230430122201,20230430130315
01,79129196488,20230430122201,20230430124517
02,79129196488,20230430122201,20230430123440
01,79129196488,20230430122201,20230430130022
02,79129196488,20230430122201,20230430125943
01,79129196488,20230430122201,20230430125758
01,79129196422,20230430122201,20230430131619
02,79129196422,20230430122201,20230430122855
01,79129196422,20230430122201,20230430130534
01,79129196422,20230430122201,20230430131237
01,79129196422,20230430122201,20230430125138
02,79129196422,20230430122201,20230430123054
01,79129196486,20230430122201,20230430130013
02,79129196486,20230430122201,20230430123951
02,79129196486,20230430122201,20230430131328
02,79129196486,20230430122201,20230430122912
01,79129196486,20230430122201,20230430130526
01,79129196486,20230430122201,20230430130642
01,79129196486,20230430122201,20230430125029
01,79129196486,20230430122201,20230430131849
01,79129196486,20230430122201,20230430124816
02,79129196486,20230430122201,20230430125842
01,79129196486,20230430122201,20230430122800
01,79129196486,20230430122201,20230430123549
01,79129196486,20230430122201,20230430123138
02,79129196486,20230430122201,20230430130119
02,79129196486,20230430122201,20230430131434
02,79129196486,20230430122201,20230430124859
01,79129196486,20230430122201,20230430125642
02,79129196486,20230430122201,20230430124617
02,79129196486,20230430122201,20230430130647
02,79129196486,20230430122201,20230430125750
01,79129196486,20230430122201,20230430130846
02,79129196486,20230430122201,20230430125313
01,79129196486,20230430122201,20230430123615
01,79129196486,20230430122201,20230430123112
02,79129196486,20230430122201,20230430125405
02,79129196486,20230430122201,20230430122733
01,79129196486,20230430122201,20230430122313
01,79129196486,20230430122201,20230430123453
02,79129196486,20230430122201,20230430125004
01,79129196486,20230430122201,20230430123216
02,79129196486,20230430122201,20230430125656
01,79129196486,20230430122201,20230430124400
02,79129196486,20230430122201,20230430131005
02,79129196486,20230430122201,20230430124548
01,79129196486,20230430122201,20230430124037
01,79129196437,20230430122201,20230430125213
01,79129196437,20230430122201,20230430123611
01,79129196437,20230430122201,20230430125733
01,79129196437,20230430122201,20230430123200
02,79129196437,20230430122201,20230430125035
01,79129196437,20230430122201,20230430124810
01,79129196437,20230430122201,20230430124321
01,79129196437,20230430122201,20230430131526
01,79129196437,20230430122201,20230430130035
02,79129196437,20230430122201,20230430131707
01,79129196437,20230430122201,20230430131443
01,79129196437,20230430122201,20230430131004
02,79129196437,20230430122201,20230430125107
02,79129196437,20230430122201,20230430122603
02,79129196437,20230430122201,20230430130758
02,79129196437,20230430122201,20230430131320
01,79129196437,20230430122201,20230430123808
02,79129196437,20230430122201,20230430131731
01,79129196437,20230430122201,20230430125344
02,79129196437,20230430122201,20230430131451
01,79129196437,20230430122201,20230430130550
02,79129196437,20230430122201,20230430123531
01,79129196437,20230430122201,20230430131209
01,79129196437,20230430122201,20230430123138
02,79129196437,20230430122201,20230430130619
01,79129196437,20230430122201,20230430125423
01,79129196437,20230430122201,20230430123523
01,79129196437,20230430122201,20230430131137
02,79129196437,20230430122201,20230430123944
01,79129196437,20230430122201,20230430122921
01,79129196400,20230430122201,20230430132141
01,79129196400,20230430122201,20230430125806
01,79129196400,20230430122201,20230430124542
02,79129196400,20230430122201,20230430125948
01,79129196400,20230430122201,20230430122720
02,79129196400,20230430122201,20230430124557
01,79129196468,20230430122201,20230430125906
02,79129196468,20230430122201,20230430131258
02,79129196468,20230430122201,20230430125749
01,79129196468,20230430122201,20230430125419
02,79129196468,20230430122201,20230430123622
02,79129196468,20230430122201,20230430125353
02,79129196468,20230430122201,20230430131018
02,79129196468,20230430122201,20230430130928
01,79129196468,20230430122201,20230430130903
02,79129196468,20230430122201,20230430131757
02,79129196468,20230430122201,20230430123454
01,79129196468,20230430122201,20230430131320
01,79129196468,20230430122201,20230430131252
02,79129196468,20230430122201,20230430131848
01,79129196468,20230430122201,20230430122901
02,79129196468,20230430122201,20230430122304
01,79129196468,20230430122201,20230430130451
01,79129196468,20230430122201,20230430125445
01,79129196468,20230430122201,20230430125512
02,79129196468,20230430122201,20230430130109
02,79129196468,20230430122201,20230430123447
02,79129196468,20230430122201,20230430123441
01,79129196468,20230430122201,20230430122810
01,79129196468,20230430122201,20230430124620
02,79129196468,20230430122201,20230430132135
01,79129196468,20230430122201,20230430124952
01,79129196468,20230430122201,20230430124022
01,79129196468,20230430122201,20230430122610
02,79129196468,20230430122201,20230430123005
01,79129196468,20230430122201,20230430131012
02,79129196468,20230430122201,20230430131439
02,79129196468,20230430122201,20230430131810
02,79129196468,20230430122201,20230430124336
01,79129196470,20230430122201,20230430131125
01,79129196470,20230430122201,20230430130015
02,79129196470,20230430122201,20230430131523
02,79129196470,20230430122201,20230430130317
02,79129196470,20230430122201,20230430131835
01,79129196470,20230430122201,20230430125553
02,79129196470,20230430122201,20230430124432
01,79129196470,20230430122201,20230430131934
02,79129196470,20230430122201,20230430124207
01,79129196470,20230430122201,20230430132046
02,79129196470,20230430122201,20230430123026
01,79129196470,20230430122201,20230430122607
02,79129196470,20230430122201,20230430123121
02,79129196470,20230430122201,20230430123555
01,79129196470,20230430122201,20230430130205
01,79129196470,20230430122201,20230430122245
01,79129196470,20230430122201,20230430123413
02,79129196470,20230430122201,20230430124702
02,79129196470,20230430122201,20230430130928
01,79129196420,20230430122201,20230430131407
02,79129196420,20230430122201,20230430122510
01,79129196420,20230430122201,20230430131859
01,79129196420,20230430122201,20230430122413
01,79129196420,20230430122201,20230430125703
01,79129196420,20230430122201,20230430122339
02,79129196420,20230430122201,20230430122354
02,79129196420,20230430122201,20230430131938
01,79129196420,20230430122201,20230430123632
02,79129196420,20230430122201,20230430122236
02,79129196420,20230430122201,20230430130907
01,79129196420,20230430122201,20230430130508
01,79129196400,20230430122201,20230430125236
02,79129196400,20230430122201,20230430124220
01,79129196400,20230430122201,20230430130140
01,79129196400,20230430122201,20230430131202
02,79129196400,20230430122201,20230430130156
01,79129196400,20230430122201,20230430125422
02,79129196400,20230430122201,20230430131005
01,79129196400,20230430122201,20230430130615
01,79129196400,20230430122201,20230430130905
02,79129196400,20230430122201,20230430125946
02,79129196400,20230430122201,20230430124233
02,79129196400,20230430122201,20230430130949
02,79129196400,20230430122201,20230430130237
01,79129196400,20230430122201,20230430131510
01,79129196400,20230430122201,20230430122609
01,79129196400,20230430122201,20230430130058
01,79129196400,20230430122201,20230430123413
02,79129196400,20230430122201,20230430124544
02,79129196400,20230430122201,20230430130009
02,79129196400,20230430122201,20230430130804
01,79129196400,20230430122201,20230430123111
02,79129196400,20230430122201,20230430130352
01,79129196400,20230430122201,20230430124506
01,79129196400,20230430122201,20230430124815
01,79129196400,20230430122201,20230430123424
01,79129196400,20230430122201,20230430131716
02,79129196400,20230430122201,20230430130944
01,79129196400,20230430122201,20230430131408
01,79129196400,20230430122201,20230430131728
01,79129196400,20230430122201,20230430124318
02,79129196400,20230430122201,20230430130024
01,79129196400,20230430122201,20230430122224
01,79129196400,20230430122201,20230430132059
01,79129196400,20230430122201,20230430124016
02,79129196400,20230430122201,20230430125930
02,79129196400,20230430122201,20230430122845
02,79129196400,20230430122201,20230430130116
02,79129196400,20230430122201,20230430125440
01,79129196400,20230430122201,20230430124303
02,79129196466,20230430122201,20230430131518
01,79129196466,20230430122201,20230430130328
01,79129196466,20230430122201,20230430132055
01,79129196466,20230430122201,20230430122651
01,79129196466,20230430122201,20230430125930
01,79129196466,20230430122201,20230430125002
02,79129196466,20230430122201,20230430123227
02,79129196466,20230430122201,20230430130259
02,79129196466,20230430122201,20230430124642
02,79129196466,20230430122201,20230430130433
01,79129196489,20230430122201,20230430124809
02,79129196489,20230430122201,20230430131048
02,79129196489,20230430122201,20230430131251
02,79129196489,20230430122201,20230430132037
01,79129196489,20230430122201,20230430123348
01,79129196489,20230430122201,20230430131827
02,79129196489,20230430122201,20230430123337
02,79129196489,20230430122201,20230430123334
01,79129196489,20230430122201,20230430123725
02,79129196489,20230430122201,20230430124001
02,79129196489,20230430122201,20230430123059
02,79129196489,20230430122201,20230430130501
02,79129196489,20230430122201,20230430123747
02,79129196489,20230430122201,20230430124145
02,79129196489,20230430122201,20230430125414
02,79129196489,20230430122201,20230430125634
02,79129196489,20230430122201,20230430130601
01,79129196489,20230430122201,20230430123615
02,79129196414,20230430122201,20230430123210
01,79129196414,20230430122201,20230430131651
02,79129196414,20230430122201,20230430122920
01,79129196414,20230430122201,20230430130630
02,79129196414,20230430122201,20230430125414
01,79129196414,20230430122201,20230430123343
01,79129196414,20230430122201,20230430122504
01,79129196414,20230430122201,20230430122943
02,79129196414,20230430122201,20230430122405
01,79129196414,20230430122201,20230430125243
01,79129196414,20230430122201,20230430123223
02,79129196414,20230430122201,20230430125049
01,79129196414,20230430122201,20230430131947
01,79129196414,20230430122201,20230430123847
02,79129196414,20230430122201,20230430130739
02,79129196414,20230430122201,20230430132100
01,79129196483,20230430122201,20230430122747
02,79129196483,20230430122201,20230430124057
02,79129196483,20230430122201,20230430125343
02,79129196483,20230430122201,20230430130943
01,79129196483,20230430122201,20230430124603
02,79129196483,20230430122201,20230430124743
02,79129196483,20230430122201,20230430124831
02,79129196483,20230430122201,20230430125923
01,79129196483,20230430122201,20230430122817
02,79129196483,20230430122201,20230430131803
02,79129196483,20230430122201,20230430131700
01,79129196483,20230430122201,20230430131138
02,79129196483,20230430122201,20230430124132
01,79129196483,20230430122201,20230430130003
02,79129196483,20230430122201,20230430122313
01,79129196483,20230430122201,20230430131208
02,79129196483,20230430122201,20230430124500
02,79129196483,20230430122201,20230430122343
02,79129196483,20230430122201,20230430122710
01,79129196483,20230430122201,20230430131612
01,79129196483,20230430122201,20230430124708
01,79129196483,20230430122201,20230430125028
01,79129196483,20230430122201,20230430130821
01,79129196483,20230430122201,20230430122339
02,79129196483,20230430122201,20230430125148
02,79129196483,20230430122201,20230430124118
01,79129196483,20230430122201,20230430130930
01,79129196483,20230430122201,20230430131635
02,79129196483,20230430122201,20230430123627
01,79129196483,20230430122201,20230430125258
02,79129196483,20230430122201,20230430122731
02,79129196483,20230430122201,20230430131217
02,79129196483,20230430122201,20230430124738
02,79129196483,20230430122201,20230430122653
01,79129196483,20230430122201,20230430125543
01,79129196483,20230430122201,20230430123823
01,79129196483,20230430122201,20230430131924
02,79129196464,20230430122201,20230430124150
02,79129196464,20230430122201,20230430130657
01,79129196464,20230430122201,20230430122322
01,79129196464,20230430122201,20230430130935
02,79129196464,20230430122201,20230430125747
01,79129196464,20230430122201,20230430130402
02,79129196464,20230430122201,20230430122847
01,79129196464,20230430122201,20230430131424
02,79129196464,20230430122201,20230430125513
02,79129196464,20230430122201,20230430131230
02,79129196464,20230430122201,20230430123227
01,79129196464,20230430122201,20230430122446
01,79129196464,20230430122201,20230430124620
01,79129196464,20230430122201,20230430122451
02,79129196464,20230430122201,20230430131159
01,79129196464,20230430122201,20230430125029
02,79129196464,20230430122201,20230430123413
02,79129196464,20230430122201,20230430124857
02,79129196464,20230430122201,20230430123220
01,79129196464,20230430122201,20230430123114
02,79129196464,20230430122201,20230430124935
01,79129196464,20230430122201,20230430124456
01,79129196464,20230430122201,20230430131458
01,79129196464,20230430122201,20230430124923
02,79129196464,20230430122201,20230430122708
02,79129196464,20230430122201,20230430130410
02,79129196464,20230430122201,20230430130831
02,79129196429,20230430122201,20230430123434
01,79129196429,20230430122201,20230430122850
02,79129196429,20230430122201,20230430122201
01,79129196429,20230430122201,20230430124436
02,79129196429,20230430122201,20230430123556
01,79129196429,20230430122201,20230430123307
01,79129196429,20230430122201,20230430125517
02,79129196429,20230430122201,20230430131031
01,79129196429,20230430122201,20230430125918
01,79129196429,20230430122201,20230430122625
01,79129196429,20230430122201,20230430123154
02,79129196429,20230430122201,20230430131339
02,79129196429,20230430122201,20230430122756
02,79129196429,20230430122201,20230430125231
02,79129196429,20230430122201,20230430124027
02,79129196429,20230430122201,20230430123611
02,79129196429,20230430122201,20230430123106
01,79129196429,20230430122201,20230430130756
02,79129196429,20230430122201,20230430131002
01,79129196429,20230430122201,20230430122548
01,79129196429,20230430122201,20230430123418
01,79129196429,20230430122201,20230430130901
02,79129196429,20230430122201,20230430131038
01,79129196429,20230430122201,20230430124015
02,79129196429,20230430122201,20230430123237
01,79129196429,20230430122201,20230430131537
02,79129196429,20230430122201,20230430125217
01,79129196429,20230430122201,20230430131906
02,79129196429,20230430122201,20230430130646
02,79129196429,20230430122201,20230430125025
02,79129196429,20230430122201,20230430125440
01,79129196429,20230430122201,20230430125515
01,79129196429,20230430122201,20230430132114
01,79129196429,20230430122201,20230430132147
02,79129196433,20230430122201,20230430130940
02,79129196433,20230430122201,20230430130514
01,79129196433,20230430122201,20230430122242
02,79129196433,20230430122201,20230430124017
02,79129196433,20230430122201,20230430123805
01,79129196433,20230430122201,20230430124339
02,79129196433,20230430122201,20230430125220
01,79129196433,20230430122201,20230430123027
01,79129196433,20230430122201,20230430131136
01,79129196433,20230430122201,20230430122237
01,79129196433,20230430122201,20230430123655
02,79129196433,20230430122201,20230430124238
01,79129196433,20230430122201,20230430131755
02,79129196433,20230430122201,20230430130918
01,79129196433,20230430122201,20230430131224
02,79129196433,20230430122201,20230430131622
02,79129196433,20230430122201,20230430131434
01,79129196443,20230430122201,20230430125655
02,79129196443,20230430122201,20230430123502
01,79129196443,20230430122201,20230430122627
01,79129196443,20230430122201,20230430122936
02,79129196443,20230430122201,20230430130431
02,79129196443,20230430122201,20230430124403
01,79129196443,20230430122201,20230430130025
02,79129196443,20230430122201,20230430125722
02,79129196443,20230430122201,20230430130023
01,79129196443,20230430122201,20230430123807
02,79129196443,20230430122201,20230430122555
02,79129196443,20230430122201,20230430124533
02,79129196443,20230430122201,20230430130412
02,79129196443,20230430122201,20230430122310
02,79129196443,20230430122201,20230430124939
02,79129196443,20230430122201,20230430124842
02,79129196443,20230430122201,20230430131629
02,79129196443,20230430122201,20230430125258
01,79129196443,20230430122201,20230430123457
01,79129196443,20230430122201,20230430123129
01,79129196443,20230430122201,20230430131859
02,79129196443,20230430122201,20230430122439
02,79129196443,20230430122201,20230430130219
01,79129196443,20230430122201,20230430124023
02,79129196443,20230430122201,20230430131152
01,79129196443,20230430122201,20230430131045
02,79129196443,20230430122201,20230430123434
01,79129196443,20230430122201,20230430131737
01,79129196443,20230430122201,20230430124853
01,79129196443,20230430122201,20230430125854
01,79129196443,20230430122201,20230430123212
02,79129196443,20230430122201,20230430125759
02,79129196443,20230430122201,20230430131125
02,79129196443,20230430122201,20230430123752
02,79129196443,20230430122201,20230430123204
02,79129196443,20230430122201,20230430131308
02,79129196443,20230430122201,20230430131527
01,79129196445,20230430122201,20230430125418
01,79129196445,20230430122201,20230430131212
01,79129196445,20230430122201,20230430130357
01,79129196445,20230430122201,20230430131720
01,79129196445,20230430122201,20230430131514
01,79129196445,20230430122201,20230430122646
02,79129196445,20230430122201,20230430130341
01,79129196445,20230430122201,20230430130050
02,79129196445,20230430122201,20230430124905
01,79129196445,20230430122201,20230430123248
02,79129196445,20230430122201,20230430123337
02,79129196445,20230430122201,20230430124409
01,79129196445,20230430122201,20230430124526
02,79129196445,20230430122201,20230430131936
01,79129196445,20230430122201,20230430125925
01,79129196445,20230430122201,20230430130812
02,79129196445,20230430122201,20230430132151
02,79129196445,20230430122201,20230430124725
02,79129196445,20230430122201,20230430132121
02,79129196445,20230430122201,20230430123355
02,79129196445,20230430122201,20230430131940
02,79129196445,20230430122201,20230430122847
02,79129196445,20230430122201,20230430123554
02,79129196445,20230430122201,20230430131018
01,79129196445,20230430122201,20230430122811
01,79129196445,20230430122201,20230430130242
01,79129196445,20230430122201,20230430123253
01,79129196445,20230430122201,20230430130151
01,79129196445,20230430122201,20230430124538
01,79129196445,20230430122201,20230430123838
01,79129196445,20230430122201,20230430122831
01,79129196445,20230430122201,20230430123240
02,79129196430,20230430122201,20230430124249
01,79129196430,20230430122201,20230430123444
02,79129196430,20230430122201,20230430123938
01,79129196430,20230430122201,20230430131827
02,79129196430,20230430122201,20230430125727
01,79129196430,20230430122201,20230430130444
01,79129196430,20230430122201,20230430124931
02,79129196430,20230430122201,20230430125141
01,79129196430,20230430122201,20230430125606
02,79129196430,20230430122201,20230430131949
02,79129196430,20230430122201,20230430130910
01,79129196430,20230430122201,20230430125014
01,79129196430,20230430122201,20230430130741
02,79129196430,20230430122201,20230430131149
02,79129196430,20230430122201,20230430131548
02,79129196430,20230430122201,20230430123842
02,79129196430,20230430122201,20230430132029
02,79129196430,20230430122201,20230430122239
02,79129196430,20230430122201,20230430123435
01,79129196430,20230430122201,20230430130230
02,79129196430,20230430122201,20230430125026
02,79129196430,20230430122201,20230430125941
02,79129196430,20230430122201,20230430123708
01,79129196499,20230430122201,20230430132009
02,79129196499,20230430122201,20230430122950
02,79129196499,20230430122201,20230430131528
02,79129196499,20230430122201,20230430132023
02,79129196499,20230430122201,20230430130144
02,79129196499,20230430122201,20230430131316
02,79129196499,20230430122201,20230430125019
01,79129196499,20230430122201,20230430130541
01,79129196499,20230430122201,20230430125251
01,79129196499,20230430122201,20230430124025
01,79129196499,20230430122201,20230430124113
02,79129196499,20230430122201,20230430122534
02,79129196499,20230430122201,20230430122211
02,79129196499,20230430122201,20230430125700
02,79129196499,20230430122201,20230430123553
01,79129196499,20230430122201,20230430131718
02,79129196499,20230430122201,20230430131433
01,79129196499,20230430122201,20230430130510
02,79129196499,20230430122201,20230430125944
02,79129196499,20230430122201,20230430122725
01,79129196499,20230430122201,20230430130600
01,79129196499,20230430122201,20230430130128
02,79129196499,20230430122201,20230430131747
01,79129196499,20230430122201,20230430124203
02,79129196499,20230430122201,20230430130240
02,79129196499,20230430122201,20230430124850
02,79129196499,20230430122201,20230430131423
01,79129196499,20230430122201,20230430131834
01,79129196499,20230430122201,20230430123847
02,79129196499,20230430122201,20230430125102
01,79129196499,20230430122201,20230430130550
01,79129196499,20230430122201,20230430123518
02,79129196499,20230430122201,20230430123309
01,79129196499,20230430122201,20230430124859
02,79129196499,20230430122201,20230430123937
02,79129196499,20230430122201,20230430124327
01,79129196499,20230430122201,20230430122252
01,79129196499,20230430122201,20230430125958
01,79129196499,20230430122201,20230430123852
02,79129196407,20230430122201,20230430131514
01,79129196407,20230430122201,20230430122755
01,79129196407,20230430122201,20230430123727
01,79129196407,20230430122201,20230430130813
01,79129196407,20230430122201,20230430122808
01,79129196407,20230430122201,20230430122823
02,79129196407,20230430122201,20230430131508
01,79129196407,20230430122201,20230430123506
02,79129196407,20230430122201,20230430123746
02,79129196407,20230430122201,20230430123156
02,79129196407,20230430122201,20230430124239
01,79129196407,20230430122201,20230430130706
02,79129196407,20230430122201,20230430123545
02,79129196407,20230430122201,20230430131418
01,79129196407,20230430122201,20230430130434
02,79129196407,20230430122201,20230430122354
01,79129196407,20230430122201,20230430125622
02,79129196407,20230430122201,20230430124446
02,79129196444,20230430122201,20230430130437
01,79129196444,20230430122201,20230430131541
01,79129196444,20230430122201,20230430130705
01,79129196444,20230430122201,20230430124024
02,79129196444,20230430122201,20230430124846
02,79129196444,20230430122201,20230430124725
02,79129196444,20230430122201,20230430123732
01,79129196444,20230430122201,20230430123210
01,79129196444,20230430122201,20230430124110
01,79129196444,20230430122201,20230430124359
02,79129196444,20230430122201,20230430123843
02,79129196444,20230430122201,20230430131813
02,79129196444,20230430122201,20230430122458
02,79129196444,20230430122201,20230430125036
02,79129196444,20230430122201,20230430125814
01,79129196444,20230430122201,20230430124149
02,79129196444,20230430122201,20230430132019
01,79129196444,20230430122201,20230430131331
01,79129196444,20230430122201,20230430123132
01,79129196444,20230430122201,20230430124652
02,79129196444,20230430122201,20230430125501
01,79129196444,20230430122201,20230430122621
02,79129196444,20230430122201,20230430122303
02,79129196444,20230430122201,20230430130208
01,79129196444,20230430122201,20230430131425
01,79129196444,20230430122201,20230430123845
01,79129196444,20230430122201,20230430124523
02,79129196444,20230430122201,20230430123354
02,79129196444,20230430122201,20230430125555
01,79129196444,20230430122201,20230430131327
02,79129196444,20230430122201,20230430131728
02,79129196444,20230430122201,20230430123220
02,79129196444,20230430122201,20230430130750
01,79129196444,20230430122201,20230430131820
02,79129196444,20230430122201,20230430130304
01,79129196444,20230430122201,20230430130510
01,79129196418,20230430122201,20230430131602
02,79129196418,20230430122201,20230430122332
01,79129196418,20230430122201,20230430125816
02,79129196418,20230430122201,20230430130247
02,79129196418,20230430122201,20230430123747
01,79129196418,20230430122201,20230430123928
01,79129196418,20230430122201,20230430130244
02,79129196418,20230430122201,20230430125322
02,79129196418,20230430122201,20230430124134
01,79129196466,20230430122201,20230430131610
01,79129196466,20230430122201,20230430130339
02,79129196466,20230430122201,20230430132107
01,79129196466,20230430122201,20230430124219
02,79129196466,20230430122201,20230430123046
01,79129196466,20230430122201,20230430125315
02,79129196466,20230430122201,20230430123245
02,79129196466,20230430122201,20230430122342
02,79129196466,20230430122201,20230430131528
01,79129196466,20230430122201,20230430122508
02,79129196466,20230430122201,20230430125732
01,79129196466,20230430122201,20230430124140
01,79129196466,20230430122201,20230430123006
01,79129196466,20230430122201,20230430122631
01,79129196458,20230430122201,20230430124640
02,79129196458,20230430122201,20230430131239
01,79129196458,20230430122201,20230430131514
02,79129196458,20230430122201,20230430130108
02,79129196458,20230430122201,20230430124437
02,79129196458,20230430122201,20230430122732
01,79129196458,20230430122201,20230430130552
01,79129196458,20230430122201,20230430125552
01,79129196458,20230430122201,20230430125953
02,79129196458,20230430122201,20230430125517
02,79129196458,20230430122201,20230430122318
02,79129196458,20230430122201,20230430123901
01,79129196458,20230430122201,20230430123927
01,79129196458,20230430122201,20230430122613
02,79129196458,20230430122201,20230430123808
01,79129196458,20230430122201,20230430122542
01,79129196458,20230430122201,20230430125551
01,79129196458,20230430122201,20230430125148
02,79129196458,20230430122201,20230430132002
01,79129196458,20230430122201,20230430131633
02,79129196458,20230430122201,20230430131157
01,79129196458,20230430122201,20230430125542
02,79129196458,20230430122201,20230430125501
02,79129196458,20230430122201,20230430125210
01,79129196497,20230430122201,20230430123108
02,79129196497,20230430122201,20230430124557
02,79129196497,20230430122201,20230430130423
01,79129196497,20230430122201,20230430131814
01,79129196497,20230430122201,20230430122345
02,79129196497,20230430122201,20230430132129
01,79129196497,20230430122201,20230430123107
02,79129196497,20230430122201,20230430123402
02,79129196497,20230430122201,20230430125705
01,79129196497,20230430122201,20230430124135
01,79129196497,20230430122201,20230430124609
01,79129196497,20230430122201,20230430130320
01,79129196497,20230430122201,20230430131321
02,79129196497,20230430122201,20230430123346
02,79129196497,20230430122201,20230430123448
01,79129196497,20230430122201,20230430124212
01,79129196497,20230430122201,20230430131140
01,79129196497,20230430122201,20230430123304
02,79129196497,20230430122201,20230430125120
02,79129196497,20230430122201,20230430124341
01,79129196497,20230430122201,20230430132146
01,79129196497,20230430122201,20230430130423
02,79129196497,20230430122201,20230430130351
02,79129196497,20230430122201,20230430130139
02,79129196497,20230430122201,20230430125630
02,79129196497,20230430122201,20230430125627
01,79129196497,20230430122201,20230430125308
02,79129196497,20230430122201,20230430130211
01,79129196497,20230430122201,20230430125556
02,79129196497,20230430122201,20230430131403
02,79129196497,20230430122201,20230430131755
02,79129196422,20230430122201,20230430122715
01,79129196422,20230430122201,20230430131814
02,79129196422,20230430122201,20230430124633
01,79129196422,20230430122201,20230430123840
02,79129196422,20230430122201,20230430123428
02,79129196422,20230430122201,20230430122300
02,79129196422,20230430122201,20230430124718
01,79129196422,20230430122201,20230430124335
02,79129196422,20230430122201,20230430125856
02,79129196422,20230430122201,20230430124944
02,79129196422,20230430122201,20230430123928
01,79129196422,20230430122201,20230430122947
02,79129196422,20230430122201,20230430131146
02,79129196422,20230430122201,20230430131017
01,79129196422,20230430122201,20230430131853
01,79129196422,20230430122201,20230430123101
02,79129196422,20230430122201,20230430122514
02,79129196422,20230430122201,20230430130833
02,79129196422,20230430122201,20230430130131
01,79129196422,20230430122201,20230430122203
02,79129196422,20230430122201,20230430131902
01,79129196422,20230430122201,20230430122549
01,79129196422,20230430122201,20230430125452
01,79129196422,20230430122201,20230430125819
01,79129196422,20230430122201,20230430123228
02,79129196474,20230430122201,20230430122646
02,79129196474,20230430122201,20230430131843
01,79129196474,20230430122201,20230430130540
01,79129196474,20230430122201,20230430130114
01,79129196474,20230430122201,20230430122740
01,79129196474,20230430122201,20230430131810
02,79129196474,20230430122201,20230430131854
02,79129196474,20230430122201,20230430130331
01,79129196474,20230430122201,20230430130832
01,79129196474,20230430122201,20230430130848
01,79129196474,20230430122201,20230430131749
02,79129196456,20230430122201,20230430123435
02,79129196479,20230430122201,20230430123651
02,79129196479,20230430122201,20230430125620
02,79129196479,20230430122201,20230430124903
01,79129196479,20230430122201,20230430130955
01,79129196479,20230430122201,20230430123254
01,79129196479,20230430122201,20230430131535
02,79129196479,20230430122201,20230430123334
02,79129196479,20230430122201,20230430122658
02,79129196479,20230430122201,20230430124837
01,79129196479,20230430122201,20230430123208
02,79129196479,20230430122201,20230430123421
02,79129196479,20230430122201,20230430123028
01,79129196479,20230430122201,20230430123804
02,79129196479,20230430122201,20230430130113
02,79129196479,20230430122201,20230430125341
01,79129196479,20230430122201,20230430131045
01,79129196479,20230430122201,20230430131656
01,79129196479,20230430122201,20230430125136
01,79129196479,20230430122201,20230430131028
01,79129196479,20230430122201,20230430123856
02,79129196479,20230430122201,20230430122524
02,79129196479,20230430122201,20230430125517
01,79129196479,20230430122201,20230430122717
02,79129196479,20230430122201,20230430125001
02,79129196479,20230430122201,20230430130539
01,79129196479,20230430122201,20230430122626
01,79129196479,20230430122201,20230430124410
01,79129196479,20230430122201,20230430123534
02,79129196479,20230430122201,20230430130854
02,79129196479,20230430122201,20230430131459
02,79129196479,20230430122201,20230430122616
01,79129196479,20230430122201,20230430123126
02,79129196479,20230430122201,20230430131123
02,79129196479,20230430122201,20230430130004
02,79129196479,20230430122201,20230430124310
02,79129196479,20230430122201,20230430124114
01,79129196479,20230430122201,20230430123635
01,79129196430,20230430122201,20230430124512
01,79129196430,20230430122201,20230430123806
01,79129196430,20230430122201,20230430124121
02,79129196430,20230430122201,20230430123748
02,79129196430,20230430122201,20230430125806
01,79129196430,20230430122201,20230430124246
01,79129196430,20230430122201,20230430130941
01,79129196430,20230430122201,20230430123759
01,79129196430,20230430122201,20230430123331
02,79129196430,20230430122201,20230430122644
02,79129196430,20230430122201,20230430132117
01,79129196430,20230430122201,20230430125104
02,79129196430,20230430122201,20230430123257
02,79129196430,20230430122201,20230430123634
01,79129196430,20230430122201,20230430130905
01,79129196430,20230430122201,20230430122653
02,79129196430,20230430122201,20230430123231
01,79129196430,20230430122201,20230430123630
02,79129196430,20230430122201,20230430123244
02,79129196430,20230430122201,20230430123615
01,79129196430,20230430122201,20230430122955
02,79129196430,20230430122201,20230430130304
02,79129196430,20230430122201,20230430125244
01,79129196430,20230430122201,20230430122216
01,79129196430,20230430122201,20230430125213
01,79129196430,20230430122201,20230430131505
02,79129196430,20230430122201,20230430130302
01,79129196430,20230430122201,20230430122235
01,79129196430,20230430122201,20230430124910
01,79129196430,20230430122201,20230430130256
01,79129196430,20230430122201,20230430124911
02,79129196430,20230430122201,20230430130156
02,79129196430,20230430122201,20230430125423
02,79129196430,20230430122201,20230430123241
02,79129196430,20230430122201,20230430125446
02,79129196465,20230430122201,20230430123004
02,79129196465,20230430122201,20230430123829
02,79129196465,20230430122201,20230430123450
01,79129196465,20230430122201,20230430125059
02,79129196465,20230430122201,20230430123024
02,79129196465,20230430122201,20230430131917
01,79129196465,20230430122201,20230430125147
01,79129196465,20230430122201,20230430124305
01,79129196465,20230430122201,20230430123522
01,79129196465,20230430122201,20230430131433
02,79129196465,20230430122201,20230430123955
01,79129196465,20230430122201,20230430124057
02,79129196465,20230430122201,20230430124126
01,79129196465,20230430122201,20230430124107
02,79129196429,20230430122201,20230430123320
02,79129196429,20230430122201,20230430124147
01,79129196429,20230430122201,20230430131130
01,79129196429,20230430122201,20230430130848
02,79129196429,20230430122201,20230430123856
02,79129196429,20230430122201,20230430122326
02,79129196429,20230430122201,20230430122753
01,79129196429,20230430122201,20230430124548
02,79129196429,20230430122201,20230430130208
01,79129196429,20230430122201,20230430123339
02,79129196429,20230430122201,20230430122509
01,79129196429,20230430122201,20230430123732
01,79129196429,20230430122201,20230430131259
01,79129196429,20230430122201,20230430125817
02,79129196429,20230430122201,20230430122821
02,79129196429,20230430122201,20230430130217
01,79129196429,20230430122201,20230430122907
02,79129196429,20230430122201,20230430125700
01,79129196429,20230430122201,20230430131842
02,79129196429,20230430122201,20230430131634
01,79129196429,20230430122201,20230430131407
01,79129196429,20230430122201,20230430124926
02,79129196429,20230430122201,20230430122857
01,79129196429,20230430122201,20230430124109
01,79129196429,20230430122201,20230430125455
02,79129196429,20230430122201,20230430130034
01,79129196429,20230430122201,20230430130732
01,79129196429,20230430122201,20230430124058
02,79129196429,20230430122201,20230430132030
02,79129196429,20230430122201,20230430125348
01,79129196429,20230430122201,20230430125412
02,79129196429,20230430122201,20230430130321
02,79129196429,20230430122201,20230430124907
02,79129196429,20230430122201,20230430124852
02,79129196429,20230430122201,20230430131036
02,79129196429,20230430122201,20230430124548
02,79129196429,20230430122201,20230430124228
01,79129196429,20230430122201,20230430123113
01,79129196480,20230430122201,20230430131712
02,79129196480,20230430122201,20230430131602
02,79129196480,20230430122201,20230430122338
02,79129196480,20230430122201,20230430125603
01,79129196480,20230430122201,20230430124958
02,79129196480,20230430122201,20230430124447
02,79129196480,20230430122201,20230430131551
01,79129196480,20230430122201,20230430125810
01,79129196480,20230430122201,20230430130207
01,79129196466,20230430122201,20230430125956
01,79129196466,20230430122201,20230430125621
02,79129196466,20230430122201,20230430131219
01,79129196466,20230430122201,20230430131911
01,79129196466,20230430122201,20230430132120
01,79129196466,20230430122201,20230430131519
01,79129196466,20230430122201,20230430124223
02,79129196466,20230430122201,20230430123330
02,79129196466,20230430122201,20230430122943
01,79129196466,20230430122201,20230430123642
02,79129196466,20230430122201,20230430122857
02,79129196466,20230430122201,20230430123554
02,79129196466,20230430122201,20230430122811
01,79129196466,20230430122201,20230430123429
01,79129196466,20230430122201,20230430130946
02,79129196466,20230430122201,20230430125329
02,79129196466,20230430122201,20230430124821
01,79129196466,20230430122201,20230430125121
01,79129196466,20230430122201,20230430125545
01,79129196466,20230430122201,20230430125626
02,79129196466,20230430122201,20230430124419
02,79129196466,20230430122201,20230430123419
02,79129196466,20230430122201,20230430124215
01,79129196466,20230430122201,20230430124822
01,79129196466,20230430122201,20230430131519
02,79129196466,20230430122201,20230430123336
02,79129196466,20230430122201,20230430130709
02,79129196466,20230430122201,20230430124600
01,79129196466,20230430122201,20230430124309
01,79129196466,20230430122201,20230430123620
01,79129196466,20230430122201,20230430125705
01,79129196466,20230430122201,20230430131825
01,79129196466,20230430122201,20230430131309
02,79129196435,20230430122201,20230430122944
02,79129196435,20230430122201,20230430124118
02,79129196435,20230430122201,20230430130003
01,79129196435,20230430122201,20230430130333
02,79129196435,20230430122201,20230430130850
01,79129196435,20230430122201,20230430123148
02,79129196435,20230430122201,20230430125542
02,79129196435,20230430122201,20230430123335
02,79129196435,20230430122201,20230430131345
01,79129196435,20230430122201,20230430122624
02,79129196435,20230430122201,20230430124057
01,79129196435,20230430122201,20230430130257
02,79129196435,20230430122201,20230430124517
01,79129196435,20230430122201,20230430123350
02,79129196435,20230430122201,20230430131203
02,79129196435,20230430122201,20230430132003
01,79129196435,20230430122201,20230430123012
01,79129196435,20230430122201,20230430123852
02,79129196435,20230430122201,20230430123718
02,79129196430,20230430122201,20230430131422
01,79129196430,20230430122201,20230430131331
01,79129196430,20230430122201,20230430131725
02,79129196430,20230430122201,20230430122218
02,79129196430,20230430122201,20230430130758
02,79129196430,20230430122201,20230430123205
02,79129196430,20230430122201,20230430123239
01,79129196430,20230430122201,20230430124639
01,79129196430,20230430122201,20230430124256
01,79129196430,20230430122201,20230430131502
01,79129196430,20230430122201,20230430131928
01,79129196430,20230430122201,20230430124457
01,79129196430,20230430122201,20230430122940
02,79129196430,20230430122201,20230430131906
02,79129196430,20230430122201,20230430130751
02,79129196430,20230430122201,20230430130904
01,79129196430,20230430122201,20230430122213
02,79129196430,20230430122201,20230430122638
01,79129196430,20230430122201,20230430125059
01,79129196430,20230430122201,20230430131605
02,79129196411,20230430122201,20230430125022
01,79129196411,20230430122201,20230430131243
01,79129196492,20230430122201,20230430131940
01,79129196492,20230430122201,20230430125424
02,79129196492,20230430122201,20230430131719
01,79129196492,20230430122201,20230430131709
02,79129196492,20230430122201,20230430124244
01,79129196492,20230430122201,20230430130719
02,79129196492,20230430122201,20230430132130
01,79129196492,20230430122201,20230430131021
02,79129196492,20230430122201,20230430131245
02,79129196492,20230430122201,20230430123532
02,79129196492,20230430122201,20230430131242
01,79129196492,20230430122201,20230430122454
02,79129196492,20230430122201,20230430130004
02,79129196492,20230430122201,20230430125603
01,79129196492,20230430122201,20230430124715
01,79129196492,20230430122201,20230430122410
01,79129196492,20230430122201,20230430122841
01,79129196492,20230430122201,20230430124749
02,79129196461,20230430122201,20230430131346
02,79129196461,20230430122201,20230430130144
02,79129196461,20230430122201,20230430131054
02,79129196461,20230430122201,20230430131439
01,79129196461,20230430122201,20230430124423
01,79129196461,20230430122201,20230430122921
02,79129196461,20230430122201,20230430130929
02,79129196461,20230430122201,20230430130722
01,79129196461,20230430122201,20230430124717
01,79129196461,20230430122201,20230430125417
02,79129196461,20230430122201,20230430125116
02,79129196461,20230430122201,20230430125151
02,79129196461,20230430122201,20230430124902
02,79129196461,20230430122201,20230430125617
02,79129196461,20230430122201,20230430131439
01,79129196461,20230430122201,20230430123339
02,79129196461,20230430122201,20230430131101
01,79129196463,20230430122201,20230430130841
02,79129196463,20230430122201,20230430125847
01,79129196463,20230430122201,20230430131919
02,79129196463,20230430122201,20230430123740
01,79129196463,20230430122201,20230430130325
02,79129196463,20230430122201,20230430123701
01,79129196463,20230430122201,20230430124519
02,79129196463,20230430122201,20230430131320
02,79129196463,20230430122201,20230430125237
01,79129196463,20230430122201,20230430122710
01,79129196463,20230430122201,20230430124800
01,79129196463,20230430122201,20230430132053
02,79129196463,20230430122201,20230430122628
01,79129196463,20230430122201,20230430131410
01,79129196463,20230430122201,20230430130205
01,79129196463,20230430122201,20230430123618
02,79129196440,20230430122201,20230430130417
02,79129196440,20230430122201,20230430123739
02,79129196440,20230430122201,20230430122918
01,79129196440,20230430122201,20230430125225
01,79129196440,20230430122201,20230430125833
01,79129196440,20230430122201,20230430130319
01,79129196440,20230430122201,20230430131049
02,79129196440,20230430122201,20230430124918
02,79129196440,20230430122201,20230430130516
01,79129196440,20230430122201,20230430130152
01,79129196440,20230430122201,20230430123821
02,79129196440,20230430122201,20230430131124
02,79129196440,20230430122201,20230430124752
01,79129196440,20230430122201,20230430122420
01,79129196440,20230430122201,20230430123811
02,79129196440,20230430122201,20230430124441
01,79129196440,20230430122201,20230430132010
01,79129196497,20230430122201,20230430123342
02,79129196410,20230430122201,20230430125834
01,79129196410,20230430122201,20230430132139
02,79129196410,20230430122201,20230430125439
02,79129196410,20230430122201,20230430130128
01,79129196410,20230430122201,20230430122831
01,79129196410,20230430122201,20230430124418
02,79129196410,20230430122201,20230430122229
02,79129196410,20230430122201,20230430124158
01,79129196410,20230430122201,20230430122344
02,79129196410,20230430122201,20230430124243
02,79129196410,20230430122201,20230430124810
02,79129196410,20230430122201,20230430122802
02,79129196410,20230430122201,20230430124301
02,79129196410,20230430122201,20230430131143
01,79129196410,20230430122201,20230430125408
02,79129196431,20230430122201,20230430130001
01,79129196431,20230430122201,20230430123252
01,79129196431,20230430122201,20230430122703
02,79129196431,20230430122201,20230430130703
02,79129196431,20230430122201,20230430123126
02,79129196431,20230430122201,20230430124928
01,79129196431,20230430122201,20230430125625
01,79129196431,20230430122201,20230430124448
01,79129196431,20230430122201,20230430122837
02,79129196433,20230430122201,20230430131800
02,79129196416,20230430122201,20230430130202
02,79129196416,20230430122201,20230430122223
02,79129196416,20230430122201,20230430124500
01,79129196416,20230430122201,20230430130229
01,79129196416,20230430122201,20230430124627
01,79129196416,20230430122201,20230430123044
01,79129196416,20230430122201,20230430124222
01,79129196416,20230430122201,20230430123914
02,79129196416,20230430122201,20230430122206
02,79129196416,20230430122201,20230430123001
01,79129196416,20230430122201,20230430122627
02,79129196416,20230430122201,20230430122447
01,79129196416,20230430122201,20230430124409
02,79129196416,20230430122201,20230430131531
01,79129196416,20230430122201,20230430125034
02,79129196416,20230430122201,20230430130314
01,79129196416,20230430122201,20230430123254
02,79129196416,20230430122201,20230430123736
01,79129196416,20230430122201,20230430131049
02,79129196416,20230430122201,20230430125005
01,79129196416,20230430122201,20230430131607
01,79129196416,20230430122201,20230430125220
02,79129196416,20230430122201,20230430122934
01,79129196416,20230430122201,20230430123344
02,79129196416,20230430122201,20230430122612
01,79129196416,20230430122201,20230430130506
02,79129196402,20230430122201,20230430131703
01,79129196402,20230430122201,20230430123412
02,79129196402,20230430122201,20230430130805
02,79129196402,20230430122201,20230430130138
02,79129196402,20230430122201,20230430125559
02,79129196402,20230430122201,20230430130144
01,79129196402,20230430122201,20230430131941
02,79129196402,20230430122201,20230430131103
01,79129196402,20230430122201,20230430131921
02,79129196402,20230430122201,20230430131047
02,79129196402,20230430122201,20230430123331
02,79129196402,20230430122201,20230430130354
02,79129196402,20230430122201,20230430131110
02,79129196402,20230430122201,20230430130002
01,79129196402,20230430122201,20230430131931
01,79129196402,20230430122201,20230430125653
01,79129196402,20230430122201,20230430124117
01,79129196402,20230430122201,20230430125051
02,79129196402,20230430122201,20230430125511
02,79129196402,20230430122201,20230430125707
02,79129196402,20230430122201,20230430123416
01,79129196402,20230430122201,20230430125453
02,79129196402,20230430122201,20230430131244
01,79129196402,20230430122201,20230430123156
01,79129196402,20230430122201,20230430123620
02,79129196402,20230430122201,20230430123745
01,79129196402,20230430122201,20230430123649
01,79129196402,20230430122201,20230430130324
01,79129196402,20230430122201,20230430122722
01,79129196402,20230430122201,20230430123911
01,79129196402,20230430122201,20230430131719
02,79129196402,20230430122201,20230430123318
02,79129196456,20230430122201,20230430124836
01,79129196456,20230430122201,20230430125610
02,79129196456,20230430122201,20230430124504
02,79129196456,20230430122201,20230430123447
02,79129196456,20230430122201,20230430125610
02,79129196456,20230430122201,20230430122528
01,79129196456,20230430122201,20230430131614
02,79129196456,20230430122201,20230430123347
02,79129196456,20230430122201,20230430123541
01,79129196456,20230430122201,20230430123751
01,79129196456,20230430122201,20230430132129
02,79129196456,20230430122201,20230430125055
01,79129196456,20230430122201,20230430122441
02,79129196456,20230430122201,20230430125839
01,79129196456,20230430122201,20230430123528
01,79129196456,20230430122201,20230430124834
01,79129196456,20230430122201,20230430125841
01,79129196456,20230430122201,20230430125743
01,79129196456,20230430122201,20230430130007
01,79129196456,20230430122201,20230430130443
02,79129196456,20230430122201,20230430125612
02,79129196456,20230430122201,20230430130036
01,79129196456,20230430122201,20230430125706
02,79129196456,20230430122201,20230430123626
02,79129196456,20230430122201,20230430125658
01,79129196456,20230430122201,20230430122527
01,79129196456,20230430122201,20230430125524
02,79129196456,20230430122201,20230430130754
01,79129196405,20230430122201,20230430131848
01,79129196420,20230430122201,20230430123159
01,79129196420,20230430122201,20230430125230
01,79129196420,20230430122201,20230430123025
01,79129196420,20230430122201,20230430123359
01,79129196420,20230430122201,20230430130532
01,79129196444,20230430122201,20230430125935
01,79129196444,20230430122201,20230430125711
01,79129196444,20230430122201,20230430130820
02,79129196444,20230430122201,20230430122333
02,79129196444,20230430122201,20230430131152
01,79129196444,20230430122201,20230430122609
01,79129196444,20230430122201,20230430124024
01,79129196444,20230430122201,20230430130235
01,79129196444,20230430122201,20230430123253
02,79129196444,20230430122201,20230430125146
01,79129196444,20230430122201,20230430125727
01,79129196444,20230430122201,20230430130103
02,79129196444,20230430122201,20230430122847
02,79129196444,20230430122201,20230430125818
01,79129196444,20230430122201,20230430123550
01,79129196444,20230430122201,20230430123714
02,79129196444,20230430122201,20230430130710
01,79129196462,20230430122201,20230430122231
02,79129196462,20230430122201,20230430130806
02,79129196462,20230430122201,20230430131032
01,79129196462,20230430122201,20230430125659
02,79129196462,20230430122201,20230430123949
01,79129196462,20230430122201,20230430131605
01,79129196462,20230430122201,20230430123029
01,79129196462,20230430122201,20230430125704
02,79129196462,20230430122201,20230430122459
01,79129196462,20230430122201,20230430125152
01,79129196462,20230430122201,20230430122600
01,79129196462,20230430122201,20230430124319
01,79129196462,20230430122201,20230430125745
01,79129196462,20230430122201,20230430124933
02,79129196462,20230430122201,20230430125724
02,79129196462,20230430122201,20230430131931
01,79129196462,20230430122201,20230430123534
01,79129196457,20230430122201,20230430122753
02,79129196457,20230430122201,20230430124203
01,79129196457,20230430122201,20230430131854
01,79129196457,20230430122201,20230430130840
01,79129196457,20230430122201,20230430123051
02,79129196457,20230430122201,20230430131244
01,79129196457,20230430122201,20230430124647
02,79129196457,20230430122201,20230430122641
01,79129196457,20230430122201,20230430125147
01,79129196457,20230430122201,20230430131910
02,79129196457,20230430122201,20230430131113
01,79129196457,20230430122201,20230430122751
01,79129196457,20230430122201,20230430131523
02,79129196414,20230430122201,20230430122957
02,79129196414,20230430122201,20230430130249
01,79129196414,20230430122201,20230430131628
02,79129196414,20230430122201,20230430125302
01,79129196414,20230430122201,20230430124239
01,79129196414,20230430122201,20230430122545
01,79129196414,20230430122201,20230430131312
01,79129196414,20230430122201,20230430122625
01,79129196414,20230430122201,20230430125303
02,79129196414,20230430122201,20230430125042
01,79129196414,20230430122201,20230430130218
01,79129196414,20230430122201,20230430131708
01,79129196414,20230430122201,20230430130115
02,79129196414,20230430122201,20230430123330
01,79129196414,20230430122201,20230430131000
01,79129196414,20230430122201,20230430131128
02,79129196414,20230430122201,20230430125544
01,79129196414,20230430122201,20230430125829
01,79129196414,20230430122201,20230430123934
01,79129196414,20230430122201,20230430130553
02,79129196414,20230430122201,20230430130013
02,79129196414,20230430122201,20230430132129
02,79129196414,20230430122201,20230430123414
01,79129196414,20230430122201,20230430125106
01,79129196414,20230430122201,20230430122534
01,79129196414,20230430122201,20230430130933
02,79129196414,20230430122201,20230430123522
01,79129196414,20230430122201,20230430122349
01,79129196419,20230430122201,20230430124647
01,79129196419,20230430122201,20230430124248
02,79129196419,20230430122201,20230430124236
02,79129196419,20230430122201,20230430125253
01,79129196419,20230430122201,20230430131728
02,79129196419,20230430122201,20230430124020
01,79129196419,20230430122201,20230430131931
01,79129196419,20230430122201,20230430130044
01,79129196419,20230430122201,20230430124324
01,79129196419,20230430122201,20230430123254
02,79129196419,20230430122201,20230430124142
02,79129196419,20230430122201,20230430122900
01,79129196419,20230430122201,20230430125005
02,79129196419,20230430122201,20230430122712
02,79129196419,20230430122201,20230430125600
01,79129196419,20230430122201,20230430130653
01,79129196431,20230430122201,20230430124627
02,79129196431,20230430122201,20230430131234
01,79129196437,20230430122201,20230430125708
01,79129196437,20230430122201,20230430124731
01,79129196437,20230430122201,20230430132153
01,79129196437,20230430122201,20230430124147
01,79129196463,20230430122201,20230430130153
01,79129196463,20230430122201,20230430131217
02,79129196463,20230430122201,20230430122558
01,79129196463,20230430122201,20230430131706
02,79129196411,20230430122201,20230430131601
02,79129196411,20230430122201,20230430130436
02,79129196411,20230430122201,20230430124148
01,79129196411,20230430122201,20230430131328
01,79129196411,20230430122201,20230430130300
01,79129196411,20230430122201,20230430124830
01,79129196487,20230430122201,20230430124432
02,79129196487,20230430122201,20230430124514
01,79129196487,20230430122201,20230430124822
01,79129196487,20230430122201,20230430130628
01,79129196487,20230430122201,20230430123815
02,79129196487,20230430122201,20230430131615
01,79129196487,20230430122201,20230430130340
01,79129196487,20230430122201,20230430123109
01,79129196487,20230430122201,20230430123111
01,79129196487,20230430122201,20230430125219
02,79129196487,20230430122201,20230430122900
02,79129196487,20230430122201,20230430131604
01,79129196487,20230430122201,20230430122507
02,79129196487,20230430122201,20230430125750
02,79129196487,20230430122201,20230430130329
01,79129196487,20230430122201,20230430131053
02,79129196487,20230430122201,20230430122351
02,79129196487,20230430122201,20230430125449
02,79129196487,20230430122201,20230430130056
01,79129196487,20230430122201,20230430125119
01,79129196487,20230430122201,20230430123845
02,79129196487,20230430122201,20230430123621
01,79129196487,20230430122201,20230430124640
01,79129196487,20230430122201,20230430124439
01,79129196487,20230430122201,20230430124113
02,79129196487,20230430122201,20230430131433
01,79129196487,20230430122201,20230430125405
02,79129196487,20230430122201,20230430124656
01,79129196487,20230430122201,20230430130125
02,79129196487,20230430122201,20230430125459
01,79129196487,20230430122201,20230430122249
01,79129196487,20230430122201,20230430132109
02,79129196487,20230430122201,20230430122714
01,79129196487,20230430122201,20230430131631
01,79129196487,20230430122201,20230430131000
02,79129196487,20230430122201,20230430122909
02,79129196487,20230430122201,20230430122716
02,79129196487,20230430122201,20230430123741
01,79129196487,20230430122201,20230430131446
01,79129196487,20230430122201,20230430125229
01,79129196487,20230430122201,20230430124623
02,79129196487,20230430122201,20230430131907
01,79129196487,20230430122201,20230430124652
02,79129196487,20230430122201,20230430124445
01,79129196487,20230430122201,20230430125226
01,79129196487,20230430122201,20230430125518
01,79129196487,20230430122201,20230430125731
02,79129196487,20230430122201,20230430132155
02,79129196487,20230430122201,20230430124139
02,79129196487,20230430122201,20230430122235
01,79129196487,20230430122201,20230430130940
01,79129196487,20230430122201,20230430130415
02,79129196487,20230430122201,20230430130228
02,79129196487,20230430122201,20230430124603
01,79129196487,20230430122201,20230430123031
01,79129196487,20230430122201,20230430130320
01,79129196487,20230430122201,20230430125927
02,79129196487,20230430122201,20230430131248
01,79129196487,20230430122201,20230430124859
02,79129196487,20230430122201,20230430132134
02,79129196487,20230430122201,20230430123138
01,79129196487,20230430122201,20230430130126
01,79129196487,20230430122201,20230430130238
01,79129196487,20230430122201,20230430125159
01,79129196491,20230430122201,20230430125138
02,79129196491,20230430122201,20230430130731
02,79129196491,20230430122201,20230430123856
02,79129196491,20230430122201,20230430122533
02,79129196491,20230430122201,20230430124937
01,79129196491,20230430122201,20230430125842
02,79129196491,20230430122201,20230430123004
01,79129196491,20230430122201,20230430130428
01,79129196491,20230430122201,20230430131325
01,79129196491,20230430122201,20230430130734
01,79129196491,20230430122201,20230430123617
02,79129196491,20230430122201,20230430131449
02,79129196491,20230430122201,20230430130805
01,79129196491,20230430122201,20230430125923
02,79129196491,20230430122201,20230430122821
02,79129196491,20230430122201,20230430124242
01,79129196491,20230430122201,20230430123032
02,79129196491,20230430122201,20230430125546
02,79129196491,20230430122201,20230430131354
02,79129196491,20230430122201,20230430123146
02,79129196491,20230430122201,20230430125927
01,79129196491,20230430122201,20230430130557
02,79129196491,20230430122201,20230430123813
01,79129196491,20230430122201,20230430124619
01,79129196491,20230430122201,20230430124515
01,79129196491,20230430122201,20230430122717
01,79129196491,20230430122201,20230430131411
02,79129196491,20230430122201,20230430130627
02,79129196491,20230430122201,20230430131939
01,79129196491,20230430122201,20230430125303
02,79129196491,20230430122201,20230430123953
01,79129196491,20230430122201,20230430122428
02,79129196491,20230430122201,20230430123351
01,79129196491,20230430122201,20230430123941
01,79129196491,20230430122201,20230430125959
01,79129196445,20230430122201,20230430123208
02,79129196445,20230430122201,20230430124024
02,79129196465,20230430122201,20230430131507
02,79129196465,20230430122201,20230430123432
01,79129196465,20230430122201,20230430124530
01,79129196465,20230430122201,20230430130601
01,79129196465,20230430122201,20230430123931
01,79129196465,20230430122201,20230430130139
02,79129196465,20230430122201,20230430125056
01,79129196465,20230430122201,20230430131827
01,79129196465,20230430122201,20230430125531
01,79129196465,20230430122201,20230430131558
02,79129196465,20230430122201,20230430123943
02,79129196465,20230430122201,20230430125534
01,79129196465,20230430122201,20230430131549
01,79129196465,20230430122201,20230430132020
01,79129196465,20230430122201,20230430124350
02,79129196465,20230430122201,20230430122527
01,79129196465,20230430122201,20230430124914
02,79129196465,20230430122201,20230430123343
02,79129196465,20230430122201,20230430124904
02,79129196465,20230430122201,20230430130826
01,79129196465,20230430122201,20230430132033
02,79129196405,20230430122201,20230430123253
02,79129196405,20230430122201,20230430122422
01,79129196405,20230430122201,20230430123237
01,79129196405,20230430122201,20230430122258
02,79129196405,20230430122201,20230430131443
02,79129196405,20230430122201,20230430130730
01,79129196405,20230430122201,20230430130351
01,79129196405,20230430122201,20230430123243
01,79129196405,20230430122201,20230430131322
02,79129196405,20230430122201,20230430130953
01,79129196405,20230430122201,20230430122613
02,79129196405,20230430122201,20230430122636
01,79129196405,20230430122201,20230430132146
02,79129196405,20230430122201,20230430131617
01,79129196401,20230430122201,20230430124250
02,79129196401,20230430122201,20230430131606
01,79129196401,20230430122201,20230430124356
01,79129196401,20230430122201,20230430124024
01,79129196401,20230430122201,20230430131808
02,79129196401,20230430122201,20230430122234
02,79129196401,20230430122201,20230430131544
02,79129196401,20230430122201,20230430125813
02,79129196401,20230430122201,20230430124508
01,79129196401,20230430122201,20230430125306
01,79129196401,20230430122201,20230430124010
01,79129196401,20230430122201,20230430123026
01,79129196401,20230430122201,20230430124138
01,79129196401,20230430122201,20230430122620
01,79129196401,20230430122201,20230430125338
02,79129196401,20230430122201,20230430124437
02,79129196419,20230430122201,20230430123240
02,79129196419,20230430122201,20230430122438
01,79129196419,20230430122201,20230430131310
02,79129196419,20230430122201,20230430131725
01,79129196419,20230430122201,20230430123733
02,79129196419,20230430122201,20230430123856
01,79129196419,20230430122201,20230430123023
02,79129196419,20230430122201,20230430125700
01,79129196419,20230430122201,20230430124859
02,79129196419,20230430122201,20230430122245
02,79129196419,20230430122201,20230430131540
02,79129196401,20230430122201,20230430130935
02,79129196401,20230430122201,20230430130849
02,79129196401,20230430122201,20230430125735
01,79129196401,20230430122201,20230430122552
01,79129196401,20230430122201,20230430124000
01,79129196401,20230430122201,20230430122224
01,79129196401,20230430122201,20230430124443
02,79129196401,20230430122201,20230430124932
01,79129196401,20230430122201,20230430123002
01,79129196401,20230430122201,20230430125758
02,79129196401,20230430122201,20230430122625
01,79129196401,20230430122201,20230430131112
01,79129196401,20230430122201,20230430124043
02,79129196401,20230430122201,20230430130004
01,79129196401,20230430122201,20230430123025
01,79129196401,20230430122201,20230430130000
02,79129196401,20230430122201,20230430124521
01,79129196401,20230430122201,20230430123416
01,79129196401,20230430122201,20230430124217
02,79129196401,20230430122201,20230430122827
02,79129196401,20230430122201,20230430131939
02,79129196401,20230430122201,20230430131816
01,79129196401,20230430122201,20230430132052
02,79129196401,20230430122201,20230430125509
02,79129196401,20230430122201,20230430123720
02,79129196401,20230430122201,20230430125851
02,79129196401,20230430122201,20230430122400
01,79129196401,20230430122201,20230430124430
01,79129196417,20230430122201,20230430130253
01,79129196417,20230430122201,20230430124827
01,79129196417,20230430122201,20230430123136
02,79129196417,20230430122201,20230430131227
01,79129196417,20230430122201,20230430125457
01,79129196417,20230430122201,20230430125319
01,79129196417,20230430122201,20230430124723
01,79129196417,20230430122201,20230430125938
01,79129196417,20230430122201,20230430131329
02,79129196417,20230430122201,20230430125629
01,79129196417,20230430122201,20230430122444
02,79129196417,20230430122201,20230430125705
02,79129196417,20230430122201,20230430123106
01,79129196417,20230430122201,20230430125349
01,79129196417,20230430122201,20230430123249
01,79129196417,20230430122201,20230430130022
01,79129196417,20230430122201,20230430131534
02,79129196417,20230430122201,20230430131648
01,79129196417,20230430122201,20230430122921
01,79129196417,20230430122201,20230430122948
02,79129196417,20230430122201,20230430125641
01,79129196452,20230430122201,20230430131719
01,79129196452,20230430122201,20230430123859
01,79129196452,20230430122201,20230430125716
02,79129196452,20230430122201,20230430131956
01,79129196452,20230430122201,20230430130618
02,79129196452,20230430122201,20230430131944
01,79129196452,20230430122201,20230430123410
01,79129196452,20230430122201,20230430124737
02,79129196452,20230430122201,20230430130301
01,79129196452,20230430122201,20230430123859
02,79129196452,20230430122201,20230430125007
01,79129196463,20230430122201,20230430123009
01,79129196463,20230430122201,20230430132011
02,79129196429,20230430122201,20230430130114
01,79129196429,20230430122201,20230430123903
02,79129196429,20230430122201,20230430123109
02,79129196429,20230430122201,20230430122617
01,79129196429,20230430122201,20230430130138
02,79129196429,20230430122201,20230430123757
01,79129196429,20230430122201,20230430122750
02,79129196442,20230430122201,20230430123846
02,79129196442,20230430122201,20230430125641
02,79129196442,20230430122201,20230430124643
02,79129196442,20230430122201,20230430131106
01,79129196442,20230430122201,20230430125217
02,79129196442,20230430122201,20230430124944
02,79129196442,20230430122201,20230430123214
02,79129196442,20230430122201,20230430122318
02,79129196442,20230430122201,20230430130637
01,79129196442,20230430122201,20230430124914
01,79129196442,20230430122201,20230430130656
01,79129196442,20230430122201,20230430123441
02,79129196442,20230430122201,20230430123036
01,79129196442,20230430122201,20230430125732
02,79129196442,20230430122201,20230430124659
02,79129196457,20230430122201,20230430124954
02,79129196457,20230430122201,20230430123333
01,79129196457,20230430122201,20230430125531
02,79129196457,20230430122201,20230430130058
01,79129196457,20230430122201,20230430130058
02,79129196457,20230430122201,20230430123941
01,79129196457,20230430122201,20230430123249
01,79129196457,20230430122201,20230430124605
02,79129196457,20230430122201,20230430131201
01,79129196457,20230430122201,20230430131705
02,79129196457,20230430122201,20230430124533
02,79129196457,20230430122201,20230430131957
01,79129196457,20230430122201,20230430131807
01,79129196457,20230430122201,20230430123712
02,79129196457,20230430122201,20230430124133
01,79129196457,20230430122201,20230430124126
01,79129196457,20230430122201,20230430130654
02,79129196457,20230430122201,20230430131703
02,79129196457,20230430122201,20230430123942
01,79129196457,20230430122201,20230430124709
02,79129196457,20230430122201,20230430122856
01,79129196457,20230430122201,20230430131642
02,79129196457,20230430122201,20230430123010
01,79129196457,20230430122201,20230430123133
02,79129196457,20230430122201,20230430132046
02,79129196457,20230430122201,20230430130032
01,79129196457,20230430122201,20230430122615
02,79129196457,20230430122201,20230430130358
02,79129196457,20230430122201,20230430125829
02,79129196457,20230430122201,20230430124627
01,79129196457,20230430122201,20230430122730
02,79129196457,20230430122201,20230430123852
01,79129196457,20230430122201,20230430130058
01,79129196460,20230430122201,20230430122519
02,79129196460,20230430122201,20230430124039
01,79129196460,20230430122201,20230430125407
01,79129196460,20230430122201,20230430124658
02,79129196460,20230430122201,20230430122644
02,79129196460,20230430122201,20230430125229
02,79129196460,20230430122201,20230430124239
02,79129196460,20230430122201,20230430124503
01,79129196460,20230430122201,20230430124615
01,79129196460,20230430122201,20230430131353
02,79129196460,20230430122201,20230430122712
01,79129196466,20230430122201,20230430123059
02,79129196466,20230430122201,20230430124941
01,79129196466,20230430122201,20230430131835
02,79129196466,20230430122201,20230430123712
01,79129196466,20230430122201,20230430125313
01,79129196466,20230430122201,20230430132022
02,79129196466,20230430122201,20230430123210
01,79129196466,20230430122201,20230430125520
02,79129196466,20230430122201,20230430124147
01,79129196466,20230430122201,20230430125544
01,79129196466,20230430122201,20230430123446
01,79129196466,20230430122201,20230430125718
01,79129196466,20230430122201,20230430131504
01,79129196466,20230430122201,20230430130617
02,79129196466,20230430122201,20230430124420
01,79129196466,20230430122201,20230430125659
01,79129196466,20230430122201,20230430124542
02,79129196466,20230430122201,20230430130918
02,79129196466,20230430122201,20230430123021
02,79129196466,20230430122201,20230430123054
02,79129196466,20230430122201,20230430130942
01,79129196466,20230430122201,20230430124515
01,79129196466,20230430122201,20230430132002
02,79129196466,20230430122201,20230430130239
02,79129196466,20230430122201,20230430124349
02,79129196466,20230430122201,20230430131949
02,79129196466,20230430122201,20230430130428
01,79129196466,20230430122201,20230430132009
01,79129196466,20230430122201,20230430123054
01,79129196466,20230430122201,20230430124008
01,79129196466,20230430122201,20230430122401
01,79129196471,20230430122201,20230430122913
01,79129196471,20230430122201,20230430124451
02,79129196471,20230430122201,20230430131344
02,79129196471,20230430122201,20230430130624
01,79129196471,20230430122201,20230430125359
01,79129196471,20230430122201,20230430123218
01,79129196471,20230430122201,20230430131817
02,79129196471,20230430122201,20230430123342
02,79129196471,20230430122201,20230430124138
02,79129196471,20230430122201,20230430123514
02,79129196471,20230430122201,20230430124551
01,79129196471,20230430122201,20230430131553
02,79129196471,20230430122201,20230430123327
01,79129196471,20230430122201,20230430125431
01,79129196496,20230430122201,20230430131656
02,79129196496,20230430122201,20230430122340
01,79129196496,20230430122201,20230430123452
02,79129196496,20230430122201,20230430131540
02,79129196496,20230430122201,20230430131341
02,79129196496,20230430122201,20230430132035
02,79129196496,20230430122201,20230430131308
01,79129196496,20230430122201,20230430130516
01,79129196496,20230430122201,20230430130441
01,79129196496,20230430122201,20230430125519
02,79129196496,20230430122201,20230430131046
01,79129196496,20230430122201,20230430123452
02,79129196496,20230430122201,20230430122611
01,79129196496,20230430122201,20230430125126
01,79129196496,20230430122201,20230430122558
01,79129196496,20230430122201,20230430122208
01,79129196496,20230430122201,20230430131750
01,79129196496,20230430122201,20230430124650
02,79129196496,20230430122201,20230430131216
01,79129196496,20230430122201,20230430131439
01,79129196496,20230430122201,20230430125200
02,79129196496,20230430122201,20230430123406
01,79129196496,20230430122201,20230430123053
02,79129196496,20230430122201,20230430131043
02,79129196496,20230430122201,20230430130500
01,79129196496,20230430122201,20230430130638
01,79129196485,20230430122201,20230430124556
01,79129196485,20230430122201,20230430123039
02,79129196485,20230430122201,20230430130905
02,79129196485,20230430122201,20230430124820
01,79129196485,20230430122201,20230430131214
01,79129196485,20230430122201,20230430124149
01,79129196485,20230430122201,20230430131035
02,79129196485,20230430122201,20230430130429
02,79129196485,20230430122201,20230430123617
02,79129196485,20230430122201,20230430130620
02,79129196485,20230430122201,20230430131829
02,79129196485,20230430122201,20230430122559
01,79129196485,20230430122201,20230430124533
02,79129196485,20230430122201,20230430125310
01,79129196485,20230430122201,20230430124258
02,79129196485,20230430122201,20230430124149
02,79129196485,20230430122201,20230430130213
02,79129196485,20230430122201,20230430124850
02,79129196485,20230430122201,20230430124749
02,79129196485,20230430122201,20230430124727
01,79129196485,20230430122201,20230430122202
01,79129196485,20230430122201,20230430131950
02,79129196485,20230430122201,20230430123948
01,79129196485,20230430122201,20230430125555
02,79129196485,20230430122201,20230430131237
02,79129196485,20230430122201,20230430130715
01,79129196485,20230430122201,20230430125328
02,79129196485,20230430122201,20230430123340
02,79129196485,20230430122201,20230430131544
01,79129196485,20230430122201,20230430130903
01,79129196485,20230430122201,20230430123916
01,79129196485,20230430122201,20230430123533
01,79129196485,20230430122201,20230430123353
02,79129196485,20230430122201,20230430131720
02,79129196485,20230430122201,20230430125456
02,79129196485,20230430122201,20230430122951
02,79129196485,20230430122201,20230430123100
02,79129196485,20230430122201,20230430130956
02,79129196485,20230430122201,20230430123945
02,79129196485,20230430122201,20230430122605
01,79129196439,20230430122201,20230430125950
02,79129196439,20230430122201,20230430125745
02,79129196439,20230430122201,20230430124006
02,79129196439,20230430122201,20230430122443
02,79129196439,20230430122201,20230430130817
01,79129196439,20230430122201,20230430125535
01,79129196439,20230430122201,20230430131947
01,79129196439,20230430122201,20230430125810
02,79129196439,20230430122201,20230430122520
02,79129196427,20230430122201,20230430130705
02,79129196427,20230430122201,20230430130440
02,79129196427,20230430122201,20230430131952
02,79129196427,20230430122201,20230430125523
02,79129196427,20230430122201,20230430130908
01,79129196427,20230430122201,20230430131837
02,79129196427,20230430122201,20230430125320
02,79129196427,20230430122201,20230430130835
01,79129196427,20230430122201,20230430130841
01,79129196427,20230430122201,20230430130344
02,79129196427,20230430122201,20230430125256
01,79129196427,20230430122201,20230430125308
02,79129196427,20230430122201,20230430123023
02,79129196427,20230430122201,20230430130702
02,79129196427,20230430122201,20230430124100
01,79129196427,20230430122201,20230430131854
01,79129196427,20230430122201,20230430130525
01,79129196427,20230430122201,20230430125632
02,79129196499,20230430122201,20230430130223
01,79129196499,20230430122201,20230430125940
01,79129196499,20230430122201,20230430131606
01,79129196499,20230430122201,20230430122513
01,79129196499,20230430122201,20230430122706
02,79129196499,20230430122201,20230430123048
02,79129196443,20230430122201,20230430125857
01,79129196443,20230430122201,20230430125022
02,79129196443,20230430122201,20230430132123
01,79129196443,20230430122201,20230430131235
02,79129196443,20230430122201,20230430131432
01,79129196443,20230430122201,20230430124224
01,79129196443,20230430122201,20230430124322
02,79129196443,20230430122201,20230430131341
01,79129196443,20230430122201,20230430130910
01,79129196443,20230430122201,20230430125545
02,79129196443,20230430122201,20230430132145
02,79129196443,20230430122201,20230430132129
02,79129196443,20230430122201,20230430125632
02,79129196443,20230430122201,20230430130502
01,79129196443,20230430122201,20230430125801
01,79129196443,20230430122201,20230430130521
02,79129196443,20230430122201,20230430132135
02,79129196443,20230430122201,20230430130512
02,79129196443,20230430122201,20230430123928
02,79129196443,20230430122201,20230430124120
02,79129196443,20230430122201,20230430131859
01,79129196443,20230430122201,20230430130446
02,79129196443,20230430122201,20230430130915
02,79129196443,20230430122201,20230430123142
01,79129196443,20230430122201,20230430131826
01,79129196443,20230430122201,20230430130915
02,79129196443,20230430122201,20230430130747
01,79129196443,20230430122201,20230430130128
01,79129196443,20230430122201,20230430123121
01,79129196443,20230430122201,20230430130113
02,79129196443,20230430122201,20230430130242
02,79129196443,20230430122201,20230430130328
02,79129196443,20230430122201,20230430123219
02,79129196443,20230430122201,20230430123737
01,79129196497,20230430122201,20230430125535
01,79129196497,20230430122201,20230430131457
01,79129196497,20230430122201,20230430125414
01,79129196497,20230430122201,20230430130023
01,79129196445,20230430122201,20230430130211
01,79129196445,20230430122201,20230430132022
01,79129196445,20230430122201,20230430122807
01,79129196445,20230430122201,20230430124137
01,79129196445,20230430122201,20230430131852
02,79129196445,20230430122201,20230430130410
01,79129196445,20230430122201,20230430132021
01,79129196445,20230430122201,20230430125033
02,79129196445,20230430122201,20230430124222
02,79129196445,20230430122201,20230430123526
02,79129196445,20230430122201,20230430131044
02,79129196445,20230430122201,20230430123910
02,79129196455,20230430122201,20230430124739
01,79129196455,20230430122201,20230430122943
01,79129196455,20230430122201,20230430124020
02,79129196455,20230430122201,20230430124544
02,79129196455,20230430122201,20230430130458
02,79129196455,20230430122201,20230430125626
01,79129196455,20230430122201,20230430123908
02,79129196455,20230430122201,20230430130808
02,79129196455,20230430122201,20230430122756
02,79129196455,20230430122201,20230430125318
02,79129196455,20230430122201,20230430131241
01,79129196455,20230430122201,20230430125838
02,79129196455,20230430122201,20230430123142
01,79129196455,20230430122201,20230430123846
02,79129196455,20230430122201,20230430122705
01,79129196455,20230430122201,20230430131221
02,79129196455,20230430122201,20230430131443
01,79129196498,20230430122201,20230430122308
02,79129196498,20230430122201,20230430131134
02,79129196498,20230430122201,20230430124821
02,79129196498,20230430122201,20230430123723
01,79129196498,20230430122201,20230430130846
02,79129196498,20230430122201,20230430123715
02,79129196498,20230430122201,20230430124116
02,79129196498,20230430122201,20230430124010
01,79129196498,20230430122201,20230430125549
02,79129196498,20230430122201,20230430124612
01,79129196498,20230430122201,20230430125737
01,79129196498,20230430122201,20230430123214
01,79129196498,20230430122201,20230430123635
02,79129196498,20230430122201,20230430124516
02,79129196498,20230430122201,20230430131124
01,79129196498,20230430122201,20230430130450
01,79129196498,20230430122201,20230430122606
01,79129196498,20230430122201,20230430130502
01,79129196498,20230430122201,20230430122548
01,79129196498,20230430122201,20230430132033
02,79129196498,20230430122201,20230430124008
01,79129196498,20230430122201,20230430124835
02,79129196467,20230430122201,20230430124426
01,79129196467,20230430122201,20230430123951
02,79129196467,20230430122201,20230430132038
01,79129196467,20230430122201,20230430131843
01,79129196467,20230430122201,20230430125645
02,79129196467,20230430122201,20230430131405
02,79129196467,20230430122201,20230430130125
01,79129196467,20230430122201,20230430125504
01,79129196467,20230430122201,20230430124349
01,79129196467,20230430122201,20230430125537
02,79129196467,20230430122201,20230430131606
01,79129196467,20230430122201,20230430122847
02,79129196467,20230430122201,20230430131451
01,79129196467,20230430122201,20230430131803
01,79129196467,20230430122201,20230430131022
01,79129196467,20230430122201,20230430122410
01,79129196467,20230430122201,20230430131829
02,79129196467,20230430122201,20230430124204
02,79129196467,20230430122201,20230430124256
02,79129196467,20230430122201,20230430130816
02,79129196467,20230430122201,20230430124348
02,79129196467,20230430122201,20230430125736
02,79129196467,20230430122201,20230430124234
02,79129196467,20230430122201,20230430122421
02,79129196467,20230430122201,20230430131849
02,79129196467,20230430122201,20230430132100
01,79129196467,20230430122201,20230430125823
01,79129196467,20230430122201,20230430131949
01,79129196467,20230430122201,20230430131724
01,79129196467,20230430122201,20230430132121
01,79129196467,20230430122201,20230430132028
02,79129196467,20230430122201,20230430125418
01,79129196467,20230430122201,20230430124115
02,79129196467,20230430122201,20230430124230
01,79129196421,20230430122201,20230430124404
02,79129196421,20230430122201,20230430122316
01,79129196421,20230430122201,20230430131455
01,79129196421,20230430122201,20230430130602
01,79129196421,20230430122201,20230430130832
02,79129196421,20230430122201,20230430130602
01,79129196421,20230430122201,20230430124952
01,79129196421,20230430122201,20230430124532
02,79129196421,20230430122201,20230430132123
01,79129196421,20230430122201,20230430131353
01,79129196421,20230430122201,20230430123327
01,79129196449,20230430122201,20230430131714
02,79129196449,20230430122201,20230430123157
01,79129196449,20230430122201,20230430123220
02,79129196449,20230430122201,20230430123557
02,79129196449,20230430122201,20230430122404
01,79129196449,20230430122201,20230430122613
01,79129196449,20230430122201,20230430123759
02,79129196449,20230430122201,20230430124223
01,79129196449,20230430122201,20230430124337
02,79129196449,20230430122201,20230430125501
01,79129196449,20230430122201,20230430131212
02,79129196449,20230430122201,20230430130542
01,79129196449,20230430122201,20230430125240
02,79129196449,20230430122201,20230430130953
02,79129196449,20230430122201,20230430123528
01,79129196449,20230430122201,20230430122956
01,79129196449,20230430122201,20230430124501
02,79129196449,20230430122201,20230430130126
01,79129196449,20230430122201,20230430130949
02,79129196429,20230430122201,20230430124519
02,79129196429,20230430122201,20230430131109
02,79129196429,20230430122201,20230430132135
02,79129196429,20230430122201,20230430122221
01,79129196429,20230430122201,20230430125519
01,79129196429,20230430122201,20230430123407
02,79129196429,20230430122201,20230430122707
01,79129196429,20230430122201,20230430122730
01,79129196429,20230430122201,20230430123941
02,79129196429,20230430122201,20230430123846
01,79129196429,20230430122201,20230430130108
01,79129196429,20230430122201,20230430125044
01,79129196429,20230430122201,20230430130117
01,79129196429,20230430122201,20230430125839
02,79129196429,20230430122201,20230430125251
01,79129196429,20230430122201,20230430125002
02,79129196429,20230430122201,20230430122432
01,79129196429,20230430122201,20230430131523
01,79129196429,20230430122201,20230430130453
02,79129196429,20230430122201,20230430125419
02,79129196429,20230430122201,20230430125722
02,79129196429,20230430122201,20230430125019
01,79129196476,20230430122201,20230430124148
01,79129196476,20230430122201,20230430131258
02,79129196476,20230430122201,20230430123450
01,79129196476,20230430122201,20230430123530
02,79129196476,20230430122201,20230430124102
02,79129196476,20230430122201,20230430130140
01,79129196476,20230430122201,20230430131405
02,79129196476,20230430122201,20230430131834
02,79129196476,20230430122201,20230430130251
02,79129196476,20230430122201,20230430124908
01,79129196476,20230430122201,20230430122559
01,79129196476,20230430122201,20230430125623
02,79129196476,20230430122201,20230430131752
01,79129196476,20230430122201,20230430131642
02,79129196476,20230430122201,20230430131015
02,79129196476,20230430122201,20230430130521
02,79129196476,20230430122201,20230430131722
02,79129196476,20230430122201,20230430131924
02,79129196476,20230430122201,20230430131851
02,79129196476,20230430122201,20230430131508
01,79129196476,20230430122201,20230430130851
02,79129196476,20230430122201,20230430122227
